parameters = [10, 30, 40, 60, 90, 125, 150, 170, 190, 200,3]
L-BFGS-B
TOTAL LOSS  104818193.94097759
Z[1] :13.439685950695596
Z[2] :27.394135798451728
Z[3] :51.16446625817668
Z[4] :78.78304945795296
Z[5] :104.02097079215815
Z[6] :137.7481085778654
Z[7] :168.79569338815594
Z[8] :207.4949272301998
Z[9] :239.06225982147413
Z[10] :284.1012095920187
L :10.88962350720319