parameters = [10, 30, 40, 60, 90, 125, 150, 170, 190, 200,3]
L-BFGS-B
TOTAL LOSS  104818193.94097759
Z[1] :13.439685950695596
Z[2] :27.394135798451728
Z[3] :51.16446625817668
Z[4] :78.78304945795296
Z[5] :104.02097079215815
Z[6] :137.7481085778654
Z[7] :168.79569338815594
Z[8] :207.4949272301998
Z[9] :239.06225982147413
Z[10] :284.1012095920187
L :10.88962350720319

BFGS
TOTAL LOSS  135130856.90496454
Z[1] :14.65101639874703
Z[2] :32.223702713982945
Z[3] :-12858.601554813245
Z[4] :131.86345844520233
Z[5] :212.19081019946117
Z[6] :416.38557176367215
Z[7] :13885.298575356788
Z[8] :1616.840777822599
Z[9] :2357.7646923488073
Z[10] :-5603.439580577709
L :5.206636450481049
